9 5 5
2.248 -1.154 -0.546 2.831 1.213 -0.496 0.595 -0.463 0.266 0.162
4.590 3.139 -0.975 0.746 1.459 0.904 -0.113 0.511 -0.011 0.134
2.301 -0.203 0.960 -0.394 5.115 0.559 0.148 -0.073 0.193 -0.091
4.538 0.132 0.851 3.101 1.236 0.935 -0.710 0.397 -0.540 0.329
0.947 0.662 3.857 0.392 -1.796 -0.952 0.958 -0.305 0.522 -0.059
-1.446 -0.492 2.221 -1.003 1.719 -0.098
0.735 -0.895 4.461 0.152 0.565 1.086
3.537 -1.122 -0.182 1.678 3.222 3.982
0.771 3.206 1.067 -0.837 3.093 0.675
2.850 0.170 2.036 4.475 0.997 -0.465
